8 3 8 6 8 4 8 5 8 3 8 5 8 7 8 6 8 3 8 4
8 0 9 0 8 0 8 0 8 0 8 0 8 0 8 0 8 0 9 0
8 8 9 9 9 9 9 8 9 9 9 8 8 8 8 8 9 9 9 8
5 0 8 0 9 0 9 0 9 0 9 0 8 0 8 0 9 0 9 0
8 8 8 8 9 8 9 9 9 8 9 9 9 9 9 9 9 8 9 9
2 0 8 0 9 0 9 0 8 0 9 0 8 0 8 0 8 0 9 0
8 9 9 8 9 8 9 9 9 8 9 9 9 9 9 9 9 8 9 8
7 0 9 0 9 0 8 0 9 0 9 0 8 0 8 0 9 0 9 0
8 8 9 9 9 9 9 9 9 8 9 9 9 8 9 9 9 8 9 9
4 0 8 0 8 0 9 0 8 0 8 0 9 0 9 0 8 0 9 0
8 8 8 8 8 8 9 9 9 9 9 9 9 8 9 8 9 9 9 8
3 0 8 0 8 0 8 0 9 0 8 0 8 0 9 0 9 0 9 0
8 9 9 8 8 8 9 9 9 9 9 9 9 9 9 8 9 8 9 8
1 0 9 0 8 0 9 0 8 0 9 0 8 0 9 0 9 0 9 0
8 8 9 8 9 9 9 8 8 8 9 8 9 9 9 9 9 8 9 8
1 0 9 0 9 0 8 0 8 0 9 0 9 0 8 0 8 0 9 0
8 8 9 9 9 9 9 8 8 8 9 8 9 8 8 8 8 8 9 8
7 0 8 0 8 0 9 0 8 0 9 0 9 0 8 0 8 0 9 0
8 9 9 9 9 9 9 8 9 9 9 8 9 8 8 8 8 8 9 9
8 0 8 0 8 0 8 0 9 0 8 0 9 0 8 0 8 0 8 0
